0 13
1 45
2 43
3 40
4 24
5 32
6 44
7 26
8 60
9 52
10 51
11 47
12 49
13 39
14 34
15 9
16 6
17 5448
18 5399
19 5425
20 5423
21 5958
22 5916
23 5440
24 5435
25 5566
26 5418
27 5989
28 5433
29 5437
30 5449
31 5959
32 5421
33 5412
34 5404
35 5363
36 5395
37 5411
38 5391
39 5386
40 5396
41 101
42 95
43 111
44 5988
45 103
46 77
47 2509
48 2530
49 2527
50 2522
51 2513
52 2511
53 2504
54 2693
55 2689
56 2686
57 828
58 713
59 21
60 2641
61 2646
62 2649
63 2644
64 2642
65 2508
66 2514
67 2510
68 2520
69 2517
70 2531
71 2519
72 2545
73 2534
74 2549
75 2539
76 2671
77 2669
78 2666
79 2668
80 2670
81 2547
82 85
83 5982
84 5977
85 5981
86 5974
87 5972
88 5970
89 5976
90 5992
91 100
92 114
93 88
94 94
95 107
96 5966
97 5960
98 5955
99 5936
100 5944
101 5934
102 5940
103 5930
104 5942
105 5926
106 5929
107 5941
108 5928
109 5924
110 5922
111 5923
112 2603
113 5991
114 5245
115 5211
116 5264
117 5274
118 5248
119 5268
120 5247
121 5270
122 5311
123 5325
124 5305
125 5312
126 5296
127 5321
128 5326
129 5331
130 5318
131 5300
132 5289
133 5298
134 5283
135 5666
136 5669
137 5428
138 5567
139 5409
140 5447
141 5384
142 5445
143 5387
144 5407
145 5337
146 5345
147 5351
148 5381
149 5329
150 5282
151 5327
152 5301
153 5259
154 5290
155 5250
156 5231
157 5241
158 5267
159 5276
160 5546
161 5090
162 5547
163 5708
164 5195
165 5153
166 5174
167 5131
168 5125
169 5188
170 5172
171 5157
172 5136
173 5086
174 5196
175 5096
176 5046
177 5080
178 5184
179 5122
180 5113
181 5112
182 5147
183 5105
184 5100
185 5098
186 5099
187 5124
188 5110
189 5118
190 5208
191 5673
192 5179
193 5140
194 5165
195 5057
196 5033
197 5700
198 5017
199 4987
200 5048
201 4981
202 4998
203 5034
204 5540
205 5344
206 5410
207 5365
208 5339
209 5356
210 5382
211 5358
212 5385
213 5656
214 5714
215 5388
216 5413
217 5078
218 5023
219 4988
220 5003
221 5042
222 5026
223 5047
224 5539
225 5537
226 5538
227 5084
228 5060
229 5040
230 5053
231 5092
232 5065
233 5578
234 5610
235 5616
236 5665
237 874
238 909
239 1776
240 4945
241 1761
242 1753
243 1773
244 4947
245 1781
246 917
247 5639
248 902
249 4952
250 925
251 4977
252 895
253 5659
254 5663
255 5660
256 5664
257 5662
258 5697
259 939
260 864
261 844
262 873
263 840
264 850
265 836
266 5705
267 5716
268 946
269 5699
270 763
271 719
272 2635
273 2630
274 2625
275 2623
276 2624
277 2629
278 2627
279 2628
280 813
281 2631
282 2632
283 789
284 766
285 780
286 757
287 729
288 756
289 749
290 770
291 4956
292 1766
293 1739
294 1755
295 1725
296 1724
297 1731
298 1749
299 4955
300 1681
301 1715
302 1718
303 1710
304 1762
305 4957
306 1624
307 1736
308 1606
309 1652
310 1746
311 1777
312 1759
313 1785
314 1655
315 2484
316 2480
317 2483
318 4862
319 2497
320 1610
321 1617
322 4902
323 4911
324 4901
325 4871
326 4868
327 4869
328 4872
329 4883
330 1628
331 1633
332 1629
333 4881
334 4878
335 4979
336 1612
337 1638
338 4898
339 2500
340 1664
341 2392
342 2398
343 2409
344 2427
345 2410
346 2417
347 2408
348 2412
349 2397
350 2385
351 2386
352 2387
353 2390
354 2411
355 2403
356 2424
357 2419
358 4867
359 2928
360 2943
361 2961
362 2470
363 3313
364 1038
365 1061
366 2468
367 2459
368 2445
369 2465
370 2446
371 2457
372 2453
373 2947
374 2980
375 1046
376 3325
377 1021
378 1056
379 982
380 1047
381 4722
382 995
383 977
384 1034
385 1003
386 1054
387 4695
388 1908
389 4697
390 1885
391 1835
392 1822
393 1831
394 1824
395 1797
396 1806
397 1799
398 1810
399 1829
400 1812
401 1844
402 1853
403 1838
404 1823
405 1880
406 1834
407 4631
408 1918
409 1946
410 1937
411 1939
412 4845
413 4844
414 2015
415 1993
416 4664
417 4480
418 4481
419 4478
420 4476
421 4477
422 4663
423 4657
424 4654
425 2014
426 2000
427 2005
428 1987
429 1928
430 1912
431 1917
432 1911
433 1915
434 1922
435 1930
436 1947
437 1952
438 1944
439 1934
440 1943
441 1926
442 1921
443 1931
444 1927
445 1949
446 1932
447 4507
448 4500
449 4511
450 4439
451 4432
452 4418
453 4416
454 4403
455 4405
456 4407
457 4401
458 4366
459 4358
460 4364
461 4395
462 4396
463 4433
464 4435
465 4419
466 4421
467 4408
468 4398
469 4457
470 4426
471 4459
472 4444
473 4510
474 4501
475 4624
476 4494
477 4488
478 4508
479 4483
480 4491
481 4497
482 4670
483 4668
484 4671
485 2009
486 4692
487 4685
488 4689
489 4688
490 4690
491 1894
492 1875
493 1846
494 1958
495 1857
496 1941
497 1951
498 1945
499 1904
500 1940
501 1872
502 4830
503 4649
504 4641
505 3415
506 3404
507 3405
508 3407
509 3402
510 3414
511 3426
512 3409
513 3400
514 3396
515 3412
516 3397
517 3411
518 3421
519 3417
520 3445
521 3425
522 4633
523 4634
524 4639
525 3441
526 4643
527 4644
528 4651
529 4646
530 4653
531 4650
532 2002
533 2020
534 4636
535 2024
536 1988
537 1992
538 3433
539 4851
540 2027
541 4475
542 4464
543 4468
544 4514
545 4518
546 4513
547 4516
548 4576
549 4622
550 4626
551 4629
552 4454
553 4856
554 4703
555 4473
556 4711
557 4470
558 4458
559 4606
560 4603
561 4598
562 4594
563 4591
564 4586
565 4593
566 4600
567 4588
568 4585
569 4581
570 4583
571 4587
572 4584
573 4616
574 4620
575 4613
576 4604
577 4445
578 4436
579 4424
580 4413
581 4437
582 4431
583 4414
584 2754
585 2789
586 2751
587 2888
588 2877
589 2891
590 4352
591 4351
592 2820
593 4354
594 2805
595 2803
596 2784
597 2772
598 2773
599 2763
600 2799
601 2791
602 2780
603 2761
604 2747
605 2738
606 2714
607 2707
608 2712
609 2719
610 2715
611 2734
612 2821
613 2823
614 2793
615 2859
616 2886
617 2849
618 2855
619 2850
620 2852
621 2857
622 2868
623 2863
624 2875
625 2873
626 2879
627 2870
628 2880
629 2871
630 2883
631 2878
632 4347
633 2817
634 2774
635 2843
636 2896
637 2895
638 2881
639 2839
640 4353
641 2765
642 2730
643 2721
644 2718
645 2727
646 2742
647 2769
648 2756
649 2790
650 2771
651 2894
652 2807
653 4372
654 4369
655 4389
656 4375
657 4383
658 4371
659 4379
660 4376
661 4438
662 4384
663 4400
664 4393
665 4406
666 4410
667 4415
668 4442
669 4420
670 4429
671 4440
672 4465
673 4627
674 4625
675 4621
676 1967
677 4831
678 4579
679 2018
680 1975
681 4575
682 4572
683 4570
684 4552
685 4567
686 4550
687 4558
688 4534
689 4560
690 4561
691 4547
692 4548
693 4538
694 4530
695 4537
696 4528
697 4525
698 4523
699 3443
700 4524
701 3430
702 3410
703 3393
704 3403
705 3406
706 3399
707 3401
708 3394
709 3391
710 3377
711 3378
712 3374
713 3380
714 3382
715 3387
716 3385
717 3376
718 3363
719 3338
720 3352
721 3355
722 3357
723 3353
724 3360
725 3351
726 3346
727 3344
728 3361
729 3369
730 3362
731 3388
732 3395
733 3427
734 3418
735 3429
736 4849
737 3437
738 4527
739 4546
740 4542
741 4554
742 4545
743 4544
744 4536
745 4526
746 2016
747 4707
748 1999
749 2013
750 2021
751 2006
752 2010
753 1991
754 1976
755 2003
756 1972
757 1962
758 1970
759 4832
760 1973
761 4700
762 1895
763 1884
764 1856
765 1859
766 1847
767 1864
768 1819
769 1793
770 3422
771 1871
772 1903
773 1910
774 1881
775 1900
776 1865
777 1832
778 1828
779 1815
780 1805
781 1802
782 1809
783 1825
784 1849
785 1870
786 4833
787 4853
788 4840
789 1044
790 1867
791 1891
792 4681
793 4672
794 4675
795 1009
796 985
797 965
798 951
799 959
800 968
801 958
802 970
803 955
804 1017
805 984
806 993
807 971
808 1019
809 986
810 1042
811 1005
812 957
813 987
814 981
815 1012
816 990
817 974
818 947
819 1029
820 998
821 1025
822 1064
823 1055
824 3007
825 3319
826 3316
827 3317
828 3103
829 3136
830 3183
831 3110
832 3085
833 3132
834 3088
835 3035
836 3096
837 3099
838 3129
839 3167
840 3179
841 3164
842 3066
843 2776
844 2716
845 2760
846 2766
847 2758
848 2759
849 2753
850 2736
851 2762
852 3065
853 3064
854 2813
855 3060
856 3062
857 3059
858 3057
859 3058
860 3056
861 3043
862 3051
863 3055
864 467
865 2801
866 2786
867 2781
868 2809
869 2778
870 2777
871 2792
872 462
873 457
874 441
875 376
876 430
877 383
878 429
879 466
880 3329
881 2924
882 452
883 425
884 401
885 2923
886 453
887 442
888 433
889 424
890 396
891 377
892 414
893 372
894 394
895 2832
896 2825
897 2837
898 2824
899 2826
900 385
901 389
902 380
903 359
904 1065
905 358
906 465
907 436
908 2897
909 2905
910 2899
911 2912
912 2906
913 2848
914 2915
915 2921
916 2922
917 2919
918 2917
919 404
920 390
921 403
922 386
923 362
924 373
925 417
926 391
927 398
928 428
929 3052
930 3049
931 3048
932 3046
933 3044
934 2810
935 2775
936 2812
937 3148
938 3144
939 3137
940 3142
941 3131
942 3133
943 3336
944 4693
945 3163
946 3188
947 3335
948 3176
949 3307
950 3169
951 3174
952 3166
953 3160
954 3312
955 3162
956 3172
957 3310
958 3308
959 1060
960 3186
961 3185
962 3180
963 3150
964 3130
965 3114
966 3120
967 3141
968 3122
969 3116
970 3111
971 3084
972 3067
973 440
974 384
975 399
976 450
977 409
978 443
979 406
980 388
981 420
982 3102
983 3112
984 3100
985 3107
986 3080
987 3069
988 3068
989 3074
990 3071
991 3077
992 3089
993 3118
994 3034
995 3031
996 3197
997 3241
998 4211
999 3232
1000 3243
1001 3230
1002 3266
1003 3239
1004 3228
1005 4220
1006 4215
1007 4198
1008 4169
1009 4157
1010 4164
1011 4154
1012 3256
1013 4158
1014 4155
1015 4160
1016 4165
1017 4177
1018 4170
1019 4184
1020 138
1021 354
1022 375
1023 355
1024 448
1025 4224
1026 4199
1027 4202
1028 4217
1029 4204
1030 3257
1031 3283
1032 3220
1033 3213
1034 3210
1035 3201
1036 3200
1037 3189
1038 3191
1039 3190
1040 3194
1041 3001
1042 2986
1043 2965
1044 2981
1045 3027
1046 2984
1047 3004
1048 2988
1049 2997
1050 2978
1051 2992
1052 3159
1053 3147
1054 3152
1055 3028
1056 3323
1057 3321
1058 3038
1059 2995
1060 3021
1061 2996
1062 3032
1063 1057
1064 1033
1065 1050
1066 2964
1067 2945
1068 2968
1069 2938
1070 2977
1071 3012
1072 3018
1073 2994
1074 2967
1075 2931
1076 2956
1077 2957
1078 2950
1079 2932
1080 2486
1081 2476
1082 2467
1083 3326
1084 3328
1085 3327
1086 2433
1087 2426
1088 2452
1089 2430
1090 2466
1091 2434
1092 2455
1093 2443
1094 2462
1095 2450
1096 2471
1097 1661
1098 2475
1099 1784
1100 1760
1101 1645
1102 1623
1103 1574
1104 1562
1105 1565
1106 1582
1107 1263
1108 1204
1109 1192
1110 1185
1111 1201
1112 1193
1113 1211
1114 1244
1115 1282
1116 1249
1117 1217
1118 1230
1119 5884
1120 1289
1121 1359
1122 1390
1123 1491
1124 1405
1125 2699
1126 1500
1127 2694
1128 1495
1129 2700
1130 790
1131 2518
1132 810
1133 2702
1134 2705
1135 2704
1136 1522
1137 1530
1138 2698
1139 2695
1140 5892
1141 1415
1142 1372
1143 1352
1144 1339
1145 1337
1146 1330
1147 1373
1148 1319
1149 1365
1150 1344
1151 1376
1152 1329
1153 1312
1154 1361
1155 1349
1156 1353
1157 1380
1158 1489
1159 1475
1160 1488
1161 1481
1162 1470
1163 1483
1164 1468
1165 1422
1166 1427
1167 1425
1168 1435
1169 1178
1170 1151
1171 1106
1172 1070
1173 1140
1174 1456
1175 5913
1176 1533
1177 1532
1178 1474
1179 1477
1180 1451
1181 2658
1182 2659
1183 1523
1184 2664
1185 2652
1186 2650
1187 2651
1188 2665
1189 1507
1190 1465
1191 1505
1192 1519
1193 1538
1194 1511
1195 5895
1196 5894
1197 5900
1198 1536
1199 5882
1200 5883
1201 5885
1202 1175
1203 5864
1204 5904
1205 1179
1206 1156
1207 1167
1208 1152
1209 1144
1210 1128
1211 1093
1212 1092
1213 1103
1214 1124
1215 5876
1216 5875
1217 1160
1218 1168
1219 4331
1220 4317
1221 4327
1222 5866
1223 5871
1224 5872
1225 5868
1226 5867
1227 1174
1228 1148
1229 2191
1230 2172
1231 2173
1232 2217
1233 2203
1234 2237
1235 2257
1236 2220
1237 2206
1238 2194
1239 2210
1240 2212
1241 2214
1242 2202
1243 2160
1244 4053
1245 4094
1246 4072
1247 4058
1248 4047
1249 4084
1250 4070
1251 4090
1252 6084
1253 6096
1254 6085
1255 4104
1256 4096
1257 4056
1258 4042
1259 4148
1260 4140
1261 4133
1262 4136
1263 4106
1264 4107
1265 4097
1266 4099
1267 4086
1268 4066
1269 4051
1270 4077
1271 4119
1272 5730
1273 5758
1274 4092
1275 4038
1276 4060
1277 4101
1278 4110
1279 4102
1280 4073
1281 4046
1282 4036
1283 4033
1284 4022
1285 4024
1286 4009
1287 4005
1288 4115
1289 5759
1290 5732
1291 515
1292 527
1293 518
1294 3994
1295 3992
1296 3993
1297 4004
1298 4008
1299 4016
1300 4014
1301 4011
1302 4032
1303 4040
1304 4025
1305 4021
1306 4027
1307 4044
1308 4034
1309 4069
1310 4049
1311 4067
1312 4055
1313 4144
1314 2263
1315 4150
1316 2245
1317 2252
1318 2223
1319 2197
1320 2189
1321 2205
1322 2261
1323 6076
1324 6026
1325 6043
1326 6044
1327 6039
1328 6028
1329 6062
1330 6021
1331 6042
1332 6030
1333 6068
1334 6057
1335 6066
1336 6060
1337 6073
1338 6070
1339 6072
1340 6069
1341 6071
1342 6103
1343 2260
1344 6102
1345 6097
1346 6101
1347 2250
1348 2209
1349 2247
1350 6104
1351 2264
1352 2255
1353 2227
1354 2230
1355 2219
1356 2193
1357 2182
1358 2162
1359 2241
1360 2248
1361 2229
1362 4114
1363 4120
1364 2258
1365 4117
1366 2242
1367 2204
1368 2236
1369 2213
1370 2176
1371 2161
1372 2186
1373 2157
1374 2169
1375 2155
1376 2159
1377 2192
1378 2207
1379 2228
1380 2215
1381 2254
1382 6053
1383 6048
1384 6041
1385 6046
1386 6035
1387 6037
1388 6032
1389 6012
1390 6002
1391 6007
1392 6022
1393 6016
1394 6025
1395 6018
1396 6027
1397 6023
1398 6024
1399 6003
1400 5993
1401 6001
1402 5994
1403 6000
1404 6008
1405 6006
1406 6015
1407 6011
1408 6017
1409 6013
1410 6019
1411 2249
1412 2234
1413 2211
1414 6077
1415 2259
1416 6078
1417 6079
1418 6082
1419 6081
1420 1155
1421 1142
1422 1161
1423 1146
1424 1120
1425 1136
1426 1118
1427 1137
1428 1111
1429 1113
1430 1149
1431 1141
1432 1117
1433 1115
1434 667
1435 701
1436 5898
1437 1067
1438 1078
1439 1095
1440 1071
1441 1089
1442 1076
1443 1101
1444 1110
1445 1096
1446 1081
1447 1098
1448 1123
1449 1114
1450 1129
1451 1158
1452 1528
1453 1531
1454 1506
1455 1170
1456 1430
1457 1428
1458 1439
1459 1440
1460 1438
1461 1442
1462 1437
1463 1429
1464 1454
1465 1447
1466 1458
1467 1471
1468 1480
1469 1493
1470 1487
1471 1413
1472 1389
1473 5853
1474 1358
1475 1236
1476 1216
1477 1229
1478 1264
1479 690
1480 1286
1481 1383
1482 1370
1483 1381
1484 1366
1485 1411
1486 1371
1487 5855
1488 657
1489 5852
1490 1408
1491 1388
1492 1396
1493 1384
1494 1364
1495 1307
1496 1311
1497 1304
1498 1305
1499 1310
1500 1232
1501 1295
1502 1605
1503 1272
1504 1240
1505 1206
1506 1196
1507 1200
1508 1194
1509 1205
1510 1207
1511 1213
1512 5888
1513 5889
1514 5887
1515 695
1516 662
1517 677
1518 609
1519 600
1520 5908
1521 1509
1522 1534
1523 5863
1524 5859
1525 5857
1526 5858
1527 1132
1528 703
1529 5914
1530 674
1531 699
1532 697
1533 709
1534 669
1535 678
1536 661
1537 637
1538 629
1539 665
1540 644
1541 5907
1542 5881
1543 5909
1544 673
1545 650
1546 640
1547 647
1548 624
1549 638
1550 623
1551 628
1552 613
1553 604
1554 597
1555 596
1556 599
1557 620
1558 607
1559 252
1560 274
1561 249
1562 290
1563 322
1564 273
1565 263
1566 5890
1567 324
1568 344
1569 330
1570 5897
1571 685
1572 294
1573 680
1574 702
1575 635
1576 656
1577 679
1578 666
1579 2101
1580 2049
1581 2030
1582 2077
1583 4339
1584 5784
1585 5818
1586 3800
1587 4341
1588 5834
1589 2138
1590 2119
1591 2106
1592 2088
1593 2074
1594 2044
1595 2037
1596 337
1597 266
1598 246
1599 592
1600 184
1601 238
1602 245
1603 250
1604 286
1605 3829
1606 3884
1607 3830
1608 3839
1609 3837
1610 3808
1611 3812
1612 3818
1613 3811
1614 3807
1615 3819
1616 3813
1617 3825
1618 3820
1619 3866
1620 3519
1621 3523
1622 3544
1623 3952
1624 498
1625 506
1626 524
1627 4113
1628 507
1629 501
1630 576
1631 4143
1632 556
1633 565
1634 531
1635 550
1636 551
1637 548
1638 514
1639 516
1640 579
1641 2183
1642 4128
1643 4132
1644 4127
1645 4125
1646 4126
1647 571
1648 561
1649 562
1650 534
1651 547
1652 533
1653 512
1654 497
1655 488
1656 591
1657 477
1658 482
1659 526
1660 3920
1661 5782
1662 589
1663 4332
1664 566
1665 3987
1666 588
1667 537
1668 577
1669 3988
1670 3989
1671 3991
1672 4334
1673 3921
1674 3910
1675 5766
1676 3915
1677 4338
1678 3914
1679 3911
1680 3907
1681 557
1682 538
1683 554
1684 541
1685 3677
1686 3647
1687 3648
1688 5742
1689 5731
1690 5757
1691 5744
1692 5750
1693 5745
1694 3676
1695 3670
1696 5762
1697 3636
1698 3654
1699 3631
1700 5780
1701 5774
1702 3685
1703 523
1704 587
1705 5773
1706 570
1707 563
1708 3663
1709 3668
1710 3662
1711 3642
1712 3651
1713 3644
1714 3638
1715 3969
1716 3622
1717 3607
1718 3615
1719 3608
1720 3628
1721 3613
1722 3650
1723 3679
1724 5771
1725 5772
1726 3682
1727 3672
1728 3665
1729 3675
1730 3954
1731 3950
1732 3667
1733 3687
1734 3673
1735 3938
1736 3929
1737 3595
1738 3653
1739 3585
1740 3574
1741 3573
1742 3571
1743 3578
1744 3581
1745 3580
1746 3949
1747 3937
1748 3946
1749 3554
1750 3526
1751 3511
1752 2332
1753 2358
1754 3625
1755 3567
1756 2379
1757 2351
1758 2373
1759 2347
1760 2342
1761 3463
1762 3461
1763 194
1764 3452
1765 3454
1766 3462
1767 3456
1768 3506
1769 2380
1770 2305
1771 2338
1772 2350
1773 2333
1774 2296
1775 2286
1776 2275
1777 3981
1778 2377
1779 2335
1780 2265
1781 2272
1782 2314
1783 2290
1784 2271
1785 3967
1786 2274
1787 2310
1788 2293
1789 3963
1790 2307
1791 2334
1792 3479
1793 3496
1794 3492
1795 3465
1796 3481
1797 2378
1798 3485
1799 3505
1800 3497
1801 3510
1802 3494
1803 3503
1804 3515
1805 3509
1806 3520
1807 3533
1808 3551
1809 4335
1810 3881
1811 3555
1812 3530
1813 3521
1814 3966
1815 3569
1816 3550
1817 3532
1818 3851
1819 292
1820 328
1821 4233
1822 3864
1823 3871
1824 3856
1825 3882
1826 4226
1827 320
1828 4262
1829 3917
1830 4255
1831 4251
1832 4263
1833 4266
1834 4253
1835 4264
1836 4250
1837 4244
1838 4246
1839 4267
1840 4261
1841 4294
1842 681
1843 4289
1844 4270
1845 4287
1846 4291
1847 4299
1848 4309
1849 4304
1850 4301
1851 4288
1852 4300
1853 4319
1854 4329
1855 4308
1856 4328
1857 4305
1858 4326
1859 4324
1860 4318
1861 4302
1862 4292
1863 4281
1864 4279
1865 4275
1866 4272
1867 4284
1868 4269
1869 4336
1870 308
1871 253
1872 265
1873 242
1874 280
1875 254
1876 310
1877 257
1878 278
1879 296
1880 4236
1881 4229
1882 4225
1883 3912
1884 3902
1885 3891
1886 3879
1887 3865
1888 3845
1889 3823
1890 3848
1891 3899
1892 3857
1893 3552
1894 3561
1895 3564
1896 3541
1897 3854
1898 3859
1899 3844
1900 3824
1901 3849
1902 162
1903 156
1904 163
1905 154
1906 136
1907 129
1908 124
1909 480
1910 119
1911 126
1912 134
1913 139
1914 159
1915 177
1916 164
1917 226
1918 225
1919 199
1920 214
1921 191
1922 185
1923 187
1924 192
1925 182
1926 131
1927 152
1928 146
1929 5796
1930 5817
1931 5804
1932 158
1933 140
1934 130
1935 179
1936 195
1937 174
1938 142
1939 170
1940 175
1941 168
1942 161
1943 172
1944 183
1945 3697
1946 3714
1947 3696
1948 3695
1949 3693
1950 213
1951 235
1952 3834
1953 3826
1954 3815
1955 3822
1956 3846
1957 3831
1958 3842
1959 348
1960 283
1961 3713
1962 3712
1963 3707
1964 3698
1965 3699
1966 282
1967 272
1968 268
1969 255
1970 3716
1971 3721
1972 3718
1973 284
1974 4346
1975 2143
1976 2131
1977 2079
1978 2061
1979 2051
1980 2045
1981 2111
1982 2112
1983 2127
1984 2136
1985 2132
1986 2129
1987 2137
1988 2121
1989 3753
1990 3728
1991 3737
1992 3762
1993 5836
1994 5839
1995 5842
1996 5819
1997 3805
1998 3745
1999 3731
2000 3746
2001 3770
2002 3751
2003 3764
2004 4908
2005 4929
2006 4916
2007 5835
2008 3784
2009 4930
2010 5783
2011 3792
2012 5787
2013 206
2014 3715
2015 5837
2016 219
2017 204
2018 4932
2019 4941
2020 4935
2021 234
2022 5794
2023 5792
2024 5789
2025 3785
2026 3776
2027 3766
2028 3749
2029 3754
2030 3781
2031 3783
2032 3759
2033 3732
2034 3725
2035 3736
2036 3729
2037 3743
2038 2126
2039 2090
2040 2120
2041 2123
2042 2110
2043 2070
2044 2103
2045 2092
2046 2117
2047 2142
2048 351
2049 2087
2050 2072
2051 2033
2052 2035
2053 2065
2054 1290
2055 5893
2056 1292
2057 2091
2058 2098
2059 2081
2060 2108
2061 1228
2062 1225
2063 1258
2064 1247
2065 1256
2066 1253
2067 4969
2068 2134
2069 5821
2070 5824
2071 4972
2072 4971
2073 4968
2074 1257
2075 1293
2076 1274
2077 1275
2078 1557
2079 1287
2080 1561
2081 1559
2082 1563
2083 1594
2084 1590
2085 1571
2086 1588
2087 1580
2088 1597
2089 1584
2090 1620
2091 1662
2092 1644
2093 1669
2094 1671
2095 4959
2096 1668
2097 1632
2098 1602
2099 1595
2100 1589
2101 1596
2102 1619
2103 1600
2104 1609
2105 1622
2106 1614
2107 1627
2108 1636
2109 1706
2110 1701
2111 1696
2112 1693
2113 1684
2114 1678
2115 1348
2116 1679
2117 825
2118 795
2119 1711
2120 1723
2121 1714
2122 1719
2123 1691
2124 1708
2125 1698
2126 1712
2127 1705
2128 1690
2129 1650
2130 1676
2131 1677
2132 1685
2133 772
2134 752
2135 737
2136 803
2137 631
2138 714
2139 739
2140 723
2141 734
2142 4953
2143 758
2144 793
2145 801
2146 784
2147 768
2148 775
2149 759
2150 776
2151 812
2152 5720
2153 824
2154 5622
2155 5623
2156 5619
2157 5108
2158 5126
2159 5115
2160 936
2161 906
2162 837
2163 831
2164 901
2165 5617
2166 5615
2167 5613
2168 5608
2169 5605
2170 5609
2171 5611
2172 5607
2173 5598
2174 5591
2175 5602
2176 5604
2177 5606
2178 5603
2179 5599
2180 5587
2181 5594
2182 5580
2183 5088
2184 5576
2185 5581
2186 5584
2187 5579
2188 4816
2189 4824
2190 4802
2191 4796
2192 4789
2193 4723
2194 4745
2195 4808
2196 4793
2197 4795
2198 4781
2199 4785
2200 4776
2201 4754
2202 4751
2203 4764
2204 4753
2205 4769
2206 4755
2207 4772
2208 4757
2209 4779
2210 4766
2211 4780
2212 4797
2213 4804
2214 5652
2215 4819
2216 5649
2217 5643
2218 5648
2219 5644
2220 5645
2221 4823
2222 5558
2223 5559
2224 5565
2225 5562
2226 4820
2227 4826
2228 5679
2229 4798
2230 5480
2231 5467
2232 5484
2233 5506
2234 5511
2235 5521
2236 5527
2237 5515
2238 5509
2239 5524
2240 5516
2241 5510
2242 5508
2243 5499
2244 907
2245 937
2246 900
2247 5671
2248 1556
2249 1547
2250 1543
2251 1554
2252 1542
2253 1548
2254 1549
2255 924
2256 871
2257 853
2258 4821
2259 854
2260 858
2261 896
2262 878
2263 892
2264 857
2265 829
2266 833
2267 855
2268 879
2269 923
2270 885
2271 5536
2272 5533
2273 5534
2274 5531
2275 5523
2276 942
2277 5492
2278 5489
2279 5488
2280 5486
2281 5478
2282 5481
2283 5466
2284 5479
2285 5475
2286 4829
2287 4810
2288 5676
2289 5668
2290 5698
2291 5687
2292 5688
2293 5640
2294 944
2295 5575
2296 5571
2297 5572
2298 5570
2299 5085
2300 5089
2301 5064
2302 5039
2303 5094
2304 5079
2305 5058
2306 5061
2307 5054
2308 5070
2309 5049
2310 5029
2311 5019
2312 5024
2313 5004
2314 5021
2315 5002
2316 5025
2317 4999
2318 4991
2319 4990
2320 4983
2321 4980
2322 4985
2323 5010
2324 4994
2325 5043
2326 5550
2327 5044
2328 5069
2329 5545
2330 5083
2331 5704
2332 5703
2333 5214
2334 5555
2335 5552
2336 5093
2337 5253
2338 5287
2339 5251
2340 5240
2341 5226
2342 5230
2343 5220
2344 5217
2345 5218
2346 5223
2347 5265
2348 5252
2349 5284
2350 5275
2351 5299
2352 5291
2353 5320
2354 5316
2355 5945
2356 5465
2357 733
2358 738
2359 724
2360 774
2361 2637
2362 2640
2363 805
2364 2639
2365 2636
2366 769
2367 736
2368 2684
2369 2683
2370 746
2371 809
2372 5203
2373 818
2374 799
2375 806
2376 5193
2377 5187
2378 943
2379 920
2380 5556
2381 928
2382 5557
2383 5641
2384 5191
2385 5156
2386 5185
2387 5207
2388 5163
2389 5139
2390 5119
2391 5138
2392 5171
2393 5458
2394 5455
2395 5452
2396 5453
2397 5456
2398 5200
2399 5178
2400 5164
2401 5145
2402 5175
2403 5461
2404 5186
2405 5286
2406 5306
2407 5292
2408 5986
2409 5332
2410 5317
2411 5307
2412 2611
2413 2619
2414 2618
2415 2602
2416 2594
2417 2586
2418 2593
2419 2571
2420 2561
2421 2579
2422 2608
2423 5946
2424 2595
2425 2614
2426 2588
2427 2582
2428 2576
2429 2563
2430 2566
2431 2548
2432 2567
2433 2550
2434 2553
2435 2562
2436 2578
2437 2598
2438 5954
2439 5956
2440 5961
2441 5964
2442 5971
2443 5979
2444 99
2445 87
2446 79
2447 65
2448 67
2449 63
2450 59
2451 50
